601170250221
34625818630
34625818617
34659716255
34625818648
34696581347
34680689665
34683286485
34628648066
34690139236
34628990134
34636404223
34690806716
34619719016
34648778937
34626174029
34689646942
34648008745
34649473997
34669054470
34699519252
34680455213
34620784944
34689163367
34683293731
34690609661
34625818657
34605206843
34689784833
34696310075
34626702248
34669484947
34649420529
34660884620
34659090632
34683308956
34690858587
34608675405
34605751063
34607783655
34603180947
34632286506
34615213792
34619652246
